Fecha,SospechososNuevos,SospechososAcum,SospechososPorcenCambio,NegativosNuevos,NegativosAcum,NegativosPorcenCambio,ConfirmadosNuevos,ConfirmadosAcum,ConfirmadosPorcenCambio,RecuperadosNuevos,RecuperadosAcum,RecuperadosPorcenCambio,FallecidosNuevos,FallecidosAcum,FallecidosPorcenCambio,EstudiadosNuevos,EstudiadosAcum,EstudiadosPorcenCambio,ActivosAcum
25-feb,0,0,0,0,18,0,0,0,0,0,0,0,0,0,0,0,0,0,0
26-feb,1,1,0,0,18,0,0,0,0,0,0,0,0,0,0,0,0,0,0
27-feb,0,1,0,4,22,22.22,0,0,0,0,0,0,0,0,0,0,0,0,0
28-feb,2,3,200,15,37,68.18,3,3,0,0,0,0,0,0,0,0,0,0,3
29-feb,5,8,166.67,9,46,24.32,1,4,33.33,0,0,0,0,0,0,0,0,0,4
01-mar,3,11,37.5,14,60,30.43,1,5,25,0,0,0,0,0,0,0,0,0,5
02-mar,10,21,90.91,9,69,15,0,5,0,0,0,0,0,0,0,0,0,0,5
03-mar,18,39,85.71,6,75,8.7,0,5,0,0,0,0,0,0,0,0,0,0,5
04-mar,-13,26,-33.33,37,112,49.33,0,5,0,0,0,0,0,0,0,0,0,0,5
05-mar,9,35,34.62,31,143,27.68,0,5,0,0,0,0,0,0,0,0,0,0,5
06-mar,1,36,2.86,20,163,13.99,1,6,20,0,0,0,0,0,0,0,0,0,6
07-mar,-6,30,-16.67,23,186,14.11,1,7,16.67,0,0,0,0,0,0,0,0,0,7
08-mar,-6,24,-20,15,201,8.06,0,7,0,0,0,0,0,0,0,0,0,0,7
09-mar,-12,12,-50,17,218,8.46,0,7,0,0,0,0,0,0,0,0,0,0,7
10-mar,25,37,208.33,16,234,7.34,0,7,0,0,0,0,0,0,0,0,0,0,7
11-mar,12,49,32.43,30,264,12.82,4,11,57.14,1,1,0,0,0,0,0,0,0,10
12-mar,33,82,67.35,34,298,12.88,4,15,36.36,0,1,0,0,0,0,0,0,0,14
13-mar,23,105,28.05,46,344,15.44,11,26,73.33,0,1,0,0,0,0,0,0,0,25
14-mar,50,155,47.62,60,404,17.44,15,41,57.69,1,2,100,0,0,0,0,0,0,39
15-mar,21,176,13.55,78,482,19.31,12,53,29.27,1,3,50,0,0,0,0,0,0,50
16-mar,-5,171,-2.84,97,579,20.12,29,82,54.72,0,3,0,0,0,0,0,0,0,79
17-mar,35,206,20.47,93,672,16.06,11,93,13.41,0,3,0,0,0,0,0,0,0,90
18-mar,108,314,52.43,115,787,17.11,25,118,26.88,0,3,0,0,0,0,0,0,0,115
19-mar,134,448,42.68,134,921,17.03,46,164,38.98,0,3,0,1,1,0,0,0,0,160
20-mar,158,606,35.27,190,1111,20.63,39,203,23.78,0,3,0,1,2,100,0,0,0,198
21-mar,91,697,15.02,352,1463,31.68,48,251,23.65,0,3,0,0,2,0,0,0,0,246
22-mar,96,793,13.77,204,1667,13.94,65,316,25.9,0,3,0,0,2,0,0,0,0,311
23-mar,33,826,4.16,198,1865,11.88,51,367,16.14,0,3,0,2,4,100,0,0,0,360
24-mar,393,1219,47.58,296,2161,15.87,38,405,10.35,0,3,0,1,5,25,0,0,0,397
25-mar,437,1656,35.85,284,2445,13.14,70,475,17.28,0,3,0,1,6,20,0,0,0,466
26-mar,500,2156,30.19,520,2965,21.27,110,585,23.16,0,3,0,2,8,33.33,0,0,0,574
27-mar,319,2475,14.8,577,3542,19.46,132,717,22.56,0,3,0,4,12,50,0,0,0,702
28-mar,148,2623,5.98,799,4341,22.56,131,848,18.27,0,3,0,4,16,33.33,0,0,0,829
29-mar,-59,2564,-2.25,614,4955,14.14,145,993,17.1,0,3,0,4,20,25,0,0,0,970
30-mar,188,2752,7.33,680,5635,13.72,101,1094,10.17,0,3,0,8,28,40,9481,9481,0,1063
31-mar,759,3511,27.58,647,6282,11.48,121,1215,11.06,0,3,0,1,29,3.57,1527,11008,16.11,1183
01-abr,316,3827,9,791,7073,12.59,163,1378,13.42,0,3,0,8,37,27.59,1270,12278,11.54,1338
02-abr,826,4653,21.58,749,7822,10.59,132,1510,9.58,0,3,0,13,50,35.14,1707,13985,13.9,1457
03-abr,745,5398,16.01,780,8602,9.97,178,1688,11.79,0,3,0,10,60,20,1703,15688,12.18,1625
04-abr,429,5827,7.95,865,9467,10.06,202,1890,11.97,0,3,0,19,79,31.67,1496,17184,9.54,1808
05-abr,-618,5209,-10.61,1215,10682,12.83,253,2143,13.39,0,3,0,15,94,18.99,850,18034,4.95,2046
06-abr,1086,6295,20.85,1059,11741,9.91,296,2439,13.81,0,3,0,31,125,32.98,2441,20475,13.54,2311
07-abr,1231,7526,19.56,3358,15099,28.6,346,2785,14.19,0,3,0,16,141,12.8,4935,25410,24.1,2641
08-abr,1662,9188,22.08,2110,17209,13.97,396,3181,14.22,0,3,0,33,174,23.4,4168,29578,16.4,3004
09-abr,917,10105,9.98,741,17950,4.31,260,3441,8.17,0,3,0,20,194,11.49,1918,31496,6.48,3244
10-abr,195,10300,1.93,1799,19749,10.02,403,3844,11.71,1611,1614,53700,39,233,20.1,2397,33893,7.61,1997
11-abr,-317,9983,-3.08,1528,21277,7.74,375,4219,9.76,157,1771,9.73,40,273,17.17,1586,35479,4.68,2175
12-abr,-1286,8697,-12.88,666,21943,3.13,442,4661,10.48,72,1843,4.07,23,296,8.42,115,35594,0.32,2522
13-abr,644,9341,7.4,1097,23040,5,353,5014,7.57,121,1964,6.57,36,332,12.16,1801,37395,5.06,2718
14-abr,1451,10792,15.53,860,23900,3.73,385,5399,7.68,161,2125,8.2,74,406,22.29,2696,40091,7.21,2868
15-abr,925,11717,8.57,1238,25138,5.18,448,5847,8.3,157,2282,7.39,43,449,10.59,2611,42702,6.51,3116
16-abr,623,12340,5.32,1373,26511,5.46,450,6297,7.7,169,2451,7.41,37,486,8.24,2446,45148,5.73,3360
17-abr,1024,13364,8.3,1615,28126,6.09,578,6875,9.18,176,2627,7.18,60,546,12.35,3217,48365,7.13,3702
18-abr,-995,12369,-7.45,-825,27301,-2.93,622,7497,9.05,0,2627,0,104,650,19.05,802,49167,1.66,4220
19-abr,-2230,10139,-18.03,3869,31170,14.17,764,8261,10.19,460,3087,17.51,36,686,5.54,403,49570,0.82,4488
20-abr,-486,9653,-4.79,1320,32490,4.23,511,8772,6.19,2008,5095,65.05,26,712,3.79,0,49570,0,2965
21-abr,-1391,8262,-14.41,1381,33871,4.25,729,9501,8.31,364,5459,7.14,145,857,20.37,0,49570,0,3185
22-abr,-556,7706,-6.73,0,33871,0,1043,10544,10.98,497,5956,9.1,113,970,13.19,0,49570,0,3618
23-abr,-118,7588,-1.53,5793,39664,17.1,1089,11633,10.33,481,6437,8.08,99,1069,10.21,9315,58885,18.79,4127
24-abr,301,7889,3.97,1909,41573,4.81,1239,12872,10.65,712,7149,11.06,152,1221,14.22,3449,62334,5.86,4502
25-abr,350,8239,4.44,1846,43419,4.44,970,13842,7.54,590,7739,8.25,84,1305,6.88,3166,65500,5.08,4798
26-abr,-627,7612,-7.61,1927,45346,4.44,835,14677,6.03,615,8354,7.95,46,1351,3.52,2135,67635,3.26,4972
27-abr,1002,8614,13.16,1614,46960,3.56,852,15529,5.81,732,9086,8.76,83,1434,6.14,3468,71103,5.13,5009
28-abr,2606,11220,30.25,2073,49033,4.41,1223,16752,7.88,768,9854,8.45,135,1569,9.41,5902,77005,8.3,5329
29-abr,2043,13263,18.21,1817,50850,3.71,1047,17799,6.25,769,10623,7.8,163,1732,10.39,4907,81912,6.37,5444
30-abr,2257,15520,17.02,1778,52628,3.5,1425,19224,8.01,830,11453,7.81,127,1859,7.33,5460,87372,6.67,5912
01-may,-74,15446,-0.48,2375,55003,4.51,1515,20739,7.88,924,12377,8.07,113,1972,6.08,3816,91188,4.37,6390
02-may,-910,14536,-5.89,2164,57167,3.93,1349,22088,6.5,1070,13447,8.65,89,2061,4.51,2603,93791,2.85,6580
03-may,-1872,12664,-12.88,2537,59704,4.44,1383,23471,6.26,937,14384,6.97,93,2154,4.51,2048,95839,2.18,6933
04-may,479,13143,3.78,2289,61993,3.83,1434,24905,6.11,1554,15938,10.8,117,2271,5.43,4202,100041,4.38,6696
